[[0. 0. 0. ... 0. 0. 0.]
 [0. 0. 0. ... 0. 0. 0.]
 [0. 0. 0. ... 0. 0. 0.]
 ...
 [0. 0. 0. ... 0. 0. 0.]
 [0. 0. 0. ... 0. 0. 0.]
 [0. 0. 0. ... 0. 0. 0.]]
(array([4.11362142e-01, 3.26978072e-02, 2.17631820e-06, ...,
       6.85583872e-02, 3.00765220e-02, 8.82210265e-01]), array([0.52127894, 0.85650466, 0.99882293, ..., 0.79344745, 0.86231672,
       0.34759702]))(array([ 4.25703175, 11.750216  ,  1.29034717, ...,  0.02730272,
        0.01197769,  0.01980774]), array([3.90881641e-02, 6.08361776e-04, 2.55983981e-01, ...,
       8.68758735e-01, 9.12851427e-01, 8.88075373e-01]))(array([0.048111  , 0.4085625 , 0.01296343, ..., 0.03101719, 0.01360722,
       2.3504879 ]), array([0.8263835 , 0.52270003, 0.90935111, ..., 0.86020205, 0.90713742,
       0.1252438 ]))(array([0.21160339, 0.03506197, 0.03080476, ..., 0.07351539, 0.03225115,
       0.00707999]), array([0.64551357, 0.85146587, 0.86067669, ..., 0.7862855 , 0.85747755,
       0.93294301]))(array([1.05379145, 2.01950666, 0.15580154, ..., 0.22648897, 0.09936057,
       1.51746678]), array([0.3046355 , 0.15528959, 0.69305172, ..., 0.63413952, 0.75259833,
       0.21800325]))