[[0. 0. 0. ... 0. 0. 0.]
 [0. 0. 0. ... 0. 0. 0.]
 [0. 0. 0. ... 0. 0. 0.]
 ...
 [0. 0. 0. ... 0. 0. 0.]
 [0. 0. 0. ... 0. 0. 0.]
 [0. 0. 0. ... 0. 0. 0.]]
(array([6.69095269, 0.06545914, 0.26111596, ..., 0.0529564 , 0.08052966,
       5.25484934]), array([0.00969034, 0.79806679, 0.60935451, ..., 0.81799653, 0.77658092,
       0.0218857 ]))(array([3.22408873, 0.32515511, 0.10998836, ..., 0.02230652, 0.03392104,
       0.58887111]), array([0.07256217, 0.56852596, 0.74015739, ..., 0.88127458, 0.85387488,
       0.44285598]))(array([1.54893566, 0.05227894, 0.09310325, ..., 0.20400166, 0.02871357,
       2.42229273]), array([0.21329263, 0.81914417, 0.76026848, ..., 0.65151003, 0.86544207,
       0.11961974]))(array([0.75826851, 0.48604117, 0.28804409, ..., 0.05841764, 0.08883444,
       0.09552641]), array([0.38387093, 0.48569858, 0.59147666, ..., 0.80901464, 0.76566418,
       0.75726564]))(array([11.3124394 ,  0.02068992,  0.83224378, ...,  0.03518671,
        0.25666874,  4.48655249]), array([7.69895591e-04, 8.85626886e-01, 3.61624517e-01, ...,
       8.51204950e-01, 6.12418066e-01, 3.41625048e-02]))